534
388
683
681
340
482
308
298
346
418
281
425
361
393
394
163
568
66
317
271
351
288
289
280
200
305
259
417
159
329
246
218
279
406
345
56
247
524
284
399
391
407
228
286
294
297
146
463
401
471
380
362
320
276
295
42
616
249
341
315
360
411
465
266
269
253
389
239
128
274
686
293
20
359
505
490
162
139
270
679
687
318
212
230
158
23
415
369
400
10
587
422
240
251
358
332
498
373
4
684
155
173
562
140
484
17
324
409
54
22
31
327
503
57
166
336
133
460
224
44
231
363
50
208
354
421
348
444
501
309
402
382
475
551
272
377
214
282
302
379
353
459
375
542
486
356
543
261
397
408
321
368
530
313
331
323
451
374
378
448
310
326
257
581
469
569
357
676
668
560
552
667
447
549
545
544
665
659
541
330
535
658
533
531
657
527
526
656
522
316
521
314
520
312
514
506
652
651
644
643
494
493
638
487
689
485
604
483
685
481
480
583
474
370
